NASTAWY PID PWM 12.5%

PID = P + I(1/s) + D(N/(1+N/s))
P = 0.00348421677868356
I = 2.33872337351171e-05
D = 0.0473683269898442